664159	550946	1
665845	557965	1
597173	575538	1
618600	551446	1
635690	608046	1
588100	557588	1
582015	546191	1
604678	574577	1
572029	518313	1
604737	574591	1
577728	587566	1
602013	574722	1
627968	574625	1
607269	536961	1
603145	574795	1
671919	571761	1
612184	570393	1
600032	575310	1
627912	593892	1
601967	604428	1
591851	569051	1
601444	572693	1
629718	558104	1
661430	603567	1
597551	556737	1
601182	582584	1
562704	570596	1
605107	563429	1
607214	575069	1
568824	570203	1
612485	518009	1
589244	573777	1
625579	551084	1
560237	500154	1
626224	569687	1
610666	551701	1
597428	569940	1
600582	599535	1
604168	555003	1
613871	550423	1
617310	551945	1
625728	579460	1
606300	566708	1
638559	558807	1
582176	630383	1
544056	577786	1
631297	578351	1
561574	621747	1
604973	574773	1
605284	556134	1
617910	592293	1
555904	640401	1
526559	509417	1
603849	572396	1
598634	619900	1
603359	589262	1
657455	567754	1
614279	599251	1
578496	631434	1
645171	595209	1
688015	533535	1
656477	573007	1
540029	563888	1
597418	538362	1
613545	574733	1
628696	542447	1
604157	574191	1
603126	497987	1
605850	533310	1
596179	529556	1
610330	552628	1
598184	531473	1
620438	511694	1
600202	622079	1
603021	577991	1
515612	540643	1
606548	574376	1
593490	623110	1
607084	595500	1
583728	563146	1
616044	533807	1
624452	584622	1
604438	574666	1
625709	660145	1
601376	579831	1
565148	557305	1
639418	537903	1
612799	537497	1
583653	652182	1
599808	596484	1
605250	573272	1
606738	601356	1
611044	571814	1
575440	568511	1
616329	529516	1
605927	572533	1
609286	586782	1
647354	579190	1
606929	571420	1
562920	559223	1
680357	620811	1
707100	601463	1
604294	574368	1
614917	600946	1
611508	503220	1
603789	574474	1
551740	588768	1
546031	570429	1
569197	559307	1
688712	568754	1
604067	574091	1
606809	572101	1
588597	622592	1
613840	534167	1
576263	547239	1
597077	568196	1
601339	571609	1
606011	569426	1
593398	559764	1
593166	622725	1
609796	532982	1
712648	607541	1
585048	505097	1
525967	565687	1
660327	585901	1
607604	573951	1
604001	573587	1
591484	571087	1
613868	585089	1
645464	660478	1
538571	654649	1
555429	604551	1
597620	586226	1
586097	567445	1
545235	539822	1
649088	575733	1
599123	616977	1
563763	559454	1
617717	613939	1
618869	577243	1
567188	560044	1
636628	533309	1
560362	567914	1
595014	632844	1
605876	550640	1
604352	573425	1
600679	599545	1
596891	579476	1
614943	540976	1
604415	571400	1
603698	573585	1
658199	568743	1
598759	582942	1
671269	590258	1
593317	534085	1
657985	453405	8
608557	590278	1
623004	508050	1
601900	569391	1
641031	593074	1
589658	640498	1
567565	573952	1
559078	570088	1
639431	588155	1
566609	537592	1
568570	579335	1
660650	615038	1
667639	571164	1
596796	529933	1
606111	617846	1
616060	590779	1
602873	527864	1
571334	594145	1
602167	543919	1
605100	573307	1
546640	560043	1
585195	555011	1
651740	589474	1
589112	536573	1
582057	543124	1
690968	555952	1
609030	552436	1
632125	541413	1
603445	630598	1
628264	616214	1
577242	574073	1
604090	574392	1
607911	576556	1
600665	638890	1
600117	539079	1
631182	565466	1
695646	652231	1
619445	567491	1
613191	571942	1
567428	580005	1
590583	623314	1
606289	670243	1
585175	574133	1
634967	579020	1
614615	574437	1
593061	579188	1
606933	576409	1
606587	573873	1
594084	629464	1
683697	581516	1
601530	577183	1
603055	589818	1
616561	619007	1
607463	477085	8
611581	572630	1
579712	568354	1
602887	595245	1
600039	557139	1
605913	579526	1
579773	568698	1
606324	544357	1
605958	573728	1
606144	575076	1
667472	570571	1
580048	565009	1
597802	576113	1
610263	574422	1
603855	575180	1
624369	532153	1
599870	591110	1
577167	617095	1
658403	611332	1
563460	480559	8
610980	522819	1
569422	567790	1
627727	578737	1
592804	584539	1
540783	626497	1
591823	639096	1
637323	549567	1
638078	629421	1
611315	560757	1
647103	573853	1
522993	595581	1
601187	531825	1
533799	564377	1
649034	528813	1
620975	564344	1
622407	583192	1
597026	642918	1
551291	576721	1
608768	610525	1
697959	614701	1
658281	582264	1
546632	599204	1
672565	564468	1
636500	587401	1
696144	548705	1
533551	582247	1
526802	551524	1
553038	606418	1
696601	603624	1
588964	597435	1
716139	621721	1
608529	586311	1
557378	567033	1
589994	610890	1
589344	563119	1
624415	515911	1
565483	551512	1
584895	574666	1
582777	542670	1
639394	576728	1
608298	573748	1
663578	586265	1
628080	562986	1
597421	554767	1
595193	576508	1
658103	572250	1
659529	498474	1
606415	581386	1
641976	577433	1
587466	564953	1
589180	595099	1
601885	573083	1
580561	528916	1
621726	578003	1
558817	576255	1
620213	574468	1
594010	570095	1
541976	512639	1
593840	578685	1
602667	575857	1
631446	561156	1
596481	567449	1
611318	581584	1
568546	564911	1
593865	572987	1
597017	575588	1
578804	573582	1
673750	594081	1
592714	553958	1
594029	586701	1
668502	563937	1
629533	537542	1
801539	318482	0
801667	318542	0
814045	332998	0
800479	321640	0
757470	224976	0
844536	424646	0
797105	316002	0
779956	271501	0
797205	313318	0
801323	316240	0
783666	262902	0
806131	312752	0
830658	368694	0
802482	335269	0
801910	325434	0
808062	337340	0
789833	304422	0
803603	327255	0
800865	312968	0
802237	318526	0
803959	315173	0
800123	312312	0
780927	285057	0
797242	324588	0
801551	320544	0
809182	319115	0
801931	317202	0
870801	476330	6
820327	352701	0
801093	317509	0
798523	324500	0
805237	318655	0
803375	311620	0
801441	323812	0
797313	317527	0
788220	301915	0
790395	300024	0
817135	349925	0
797787	301470	0
804630	332333	0
808710	330379	0
802111	320817	0
796375	309563	0
819768	346596	0
814605	354382	0
800565	319364	0
802089	313456	0
814401	341234	0
796609	319691	0
776131	248465	0
803464	329093	0
802646	317894	0
809550	327365	0
795322	311178	0
830450	393096	0
778414	260729	0
800041	318331	0
802814	320130	0
802738	312234	0
823913	369439	0
803386	318982	0
812869	346251	0
798904	324420	0
800447	331643	0
807446	342555	0
804251	329956	0
797594	302109	0
803448	314797	0
765502	240340	0
795527	315510	0
794640	313497	0
808717	335740	0
790932	305223	0
816852	352965	0
826228	376658	0
795299	312036	0
808686	332209	0
809594	344872	0
799275	324108	0
878184	487392	6
798472	322218	0
824822	367091	0
746769	205186	0
756701	207223	0
795489	287279	0
800483	320713	0
783491	288029	0
797162	306135	0
800272	316170	0
806827	324616	0
802853	314938	0
800804	316615	0
813173	354777	0
801588	319814	0
797400	315778	0
823840	368410	0
811391	343836	0
801055	321833	0
804038	306622	0
803780	334441	0
834173	386159	0
802784	313853	0
807293	347456	0
817119	336333	0
786635	269352	0
824624	381716	0
797415	319840	0
800772	325023	0
806626	318966	0
800845	311838	0
769386	259892	0
797272	324228	0
807409	325526	0
795836	291870	0
798321	319665	0
805372	313397	0
790738	308028	0
800667	315995	0
795205	316433	0
809054	345541	0
808452	320117	0
779897	279572	0
782642	275308	0
797569	321799	0
801751	318110	0
787644	297715	0
807401	314610	0
800677	310656	0
800394	301473	0
795571	310093	0
814158	335578	0
811913	325091	0
806982	316680	0
775604	274485	0
800133	327081	0
806511	313841	0
803796	314893	0
802012	318315	0
826789	377676	0
814108	344096	0
804354	309671	0
807017	330432	0
803774	334756	0
817410	346944	0
841928	398948	0
816145	349032	0
818622	370753	0
786245	292352	0
784164	285702	0
805390	319676	0
790774	303642	0
803277	319525	0
833182	379714	0
773023	251826	0
801609	320399	0
778965	282290	0
814317	333112	0
805080	323708	0
801080	318049	0
799724	318884	0
798059	316113	0
806176	320301	0
769876	257669	0
825716	373098	0
791983	298565	0
801386	313545	0
804871	317801	0
810903	332925	0
838276	395673	0
810543	341180	0
777978	252419	0
820258	351165	0
801997	319385	0
779437	281959	0
810253	323873	0
794826	309589	0
814280	344223	0
832651	373469	0
794142	306704	0
802041	319504	0
804190	320706	0
798983	325682	0
840462	402858	0
799912	323363	0
804119	328544	0
804358	320802	0
803057	331037	0
803031	325811	0
784151	283760	0
800444	311497	0
802004	317772	0
803470	319069	0
811277	335577	0
803332	315488	0
800037	317963	0
813436	360446	0
800694	316789	0
838129	404012	0
764997	249477	0
800316	311699	0
806848	320541	0
805462	317833	0
798308	312788	0
802655	316263	0
801456	320080	0
801309	318213	0
840886	397888	0
829529	375007	0
830805	370801	0
804979	334141	0
804013	316083	0
808489	317021	0
770113	241615	0
804332	319006	0
833661	389733	0
797834	297329	0
794956	309980	0
801232	307078	0
809552	342258	0
794615	305632	0
809259	345634	0
811502	355939	0
801301	316893	0
803370	318247	0
804702	315881	0
797009	293194	0
813791	334609	0
812965	330224	0
826048	374236	0
800959	322309	0
803405	317316	0
802254	320673	0
783116	265635	0
798633	317300	0
801482	327644	0
798612	326404	0
799001	302014	0
802537	312497	0
799794	315080	0
793892	313943	0
804691	332987	0
793855	298525	0
796952	318633	0
800655	320227	0
801780	318992	0
805977	320805	0
796916	323332	0
820904	351763	0
808405	318841	0
765283	249459	0
824212	363776	0
798981	311092	0
797178	310439	0
800582	316980	0
803839	310353	0
796283	315582	0
801145	317601	0
801662	318423	0
801782	318281	0
803377	319212	0
803932	318781	0
806192	337849	0
789583	287700	0
801586	318947	0
804251	331304	0
799667	316830	0
759789	229116	0
799021	326404	0
793684	312065	0
806320	315242	0
786234	267976	0
821151	366545	0
801903	312794	0
782506	279930	0
803627	319323	0
794991	291216	0
794667	315069	0
799291	317500	0
798243	324160	0
804408	337683	0
818119	348676	0
810502	336169	0
793560	285392	0
801326	315779	0
808644	326320	0
813645	328765	0
800966	317165	0
797111	302781	0
802431	322048	0
811061	333595	0
786719	283364	0
773955	239849	0
803701	321815	0
783110	289805	0
800235	316652	0
807421	317527	0
797947	319734	0
805035	317469	0
801166	322298	0
846693	429031	0
801493	322249	0
806087	326636	0
810657	329468	0
801313	300606	0
800390	309948	0
801634	318965	0
799197	314215	0
795254	296488	0
807696	320548	0
800461	326821	0
801174	320442	0
809781	326904	0
826585	366934	0
804429	312164	0
788005	292268	0
801183	316191	0
378274	816341	13
406233	813072	13
401478	785370	13
448651	847994	13
434440	822866	13
369199	734895	13
413241	771595	13
369418	733394	13
378563	789670	13
424190	780052	13
415993	776671	13
421352	799127	13
432656	783776	13
383032	788008	13
414377	771258	13
425260	773661	13
469139	810971	13
442979	803024	13
347079	803582	13
412797	803180	13
352874	807952	13
442286	755194	13
416433	786159	13
419700	793447	13
422961	821595	13
400008	789447	13
429586	775621	13
457561	788245	13
415417	785827	13
389552	750700	13
415598	786499	13
443447	783977	13
404792	749210	13
389392	730768	13
473485	847098	13
491614	778997	13
437483	785130	13
452570	848127	13
417197	778243	13
405986	787439	13
437568	794323	13
420319	794333	13
418963	746595	13
469422	822619	13
397688	762902	13
418149	790096	13
407289	798870	13
360319	778673	13
473799	795167	13
445199	763833	13
446537	828924	13
410019	732704	13
396540	815936	13
407694	718592	13
417091	792545	13
442260	754050	13
411526	784658	13
407814	765816	13
394022	803914	13
481133	781413	13
396118	794614	13
458538	786673	13
419721	789724	13
424476	781552	13
377720	727349	13
448336	789445	13
412227	787450	13
408745	824896	13
417016	774869	13
395274	786698	13
412541	806622	13
412109	735920	13
407023	787385	13
376660	815936	13
396548	784388	13
508535	830710	13
414014	816460	13
440782	782395	13
436951	814456	13
393758	750953	13
418410	795929	13
425991	787029	13
414562	787355	13
408712	803987	13
377858	811790	13
417169	792321	13
460371	780609	13
388873	746909	13
395641	808571	13
386436	791388	13
440667	768761	13
438437	730300	13
370839	727884	13
422917	781112	13
391555	789079	13
402666	814060	13
474368	812039	13
406176	760860	13
463768	793154	13
446307	796523	13
402309	786873	13
413946	786971	13
425053	790566	13
416926	785113	13
424023	737453	13
417447	782955	13
415672	787824	13
416019	787562	13
417515	787648	13
459230	803720	13
447833	819282	13
418199	851439	13
417393	771537	13
441415	780207	13
399634	751940	13
373360	784232	13
419227	779215	13
434717	808225	13
397669	792218	13
412028	773494	13
407504	803363	13
365147	790525	13
459328	805961	13
429472	860855	13
480128	785580	13
344915	702496	13
410969	770451	13
407460	791404	13
420476	750495	13
397747	792207	13
408428	771823	13
397806	749559	13
426040	825049	13
407565	766203	13
414317	828815	13
410610	765111	13
412388	784064	13
406337	750353	13
422419	754048	13
416039	730594	13
414512	793966	13
398478	822297	13
424375	721868	13
403890	792420	13
400902	772920	13
402367	782997	13
472917	830363	13
418621	840463	13
329002	727685	13
418618	811618	13
425356	745471	13
470922	770669	13
400598	790903	13
412851	774986	13
492415	829655	13
400079	749617	13
417673	785965	13
424720	768456	13
386415	801444	13
426689	788562	13
430747	776261	13
405714	781619	13
429220	787348	13
427850	762201	13
434080	785264	13
473514	788780	13
412386	777312	13
430686	844506	13
409142	811927	13
422198	724557	13
392185	713763	13
412677	786951	13
399149	784376	13
382693	749680	13
527515	831478	13
448519	805219	13
430779	770145	13
413556	758080	13
392140	769924	13
416855	794023	13
389713	772742	13
398498	776720	13
473727	807244	13
389410	788256	13
377230	790154	13
415564	784464	13
456799	844976	13
444336	820061	13
404359	783919	13
453154	776082	13
425019	759577	13
415895	775793	13
420083	787815	13
506612	858859	13
436648	859634	13
403522	785432	13
401407	759648	13
403852	792473	13
367398	701756	13
412453	784453	13
382124	786262	13
416884	786845	13
448865	836781	13
383821	808301	13
414249	796590	13
457338	789952	13
396276	785999	13
390282	789593	13
409417	758123	13
397561	815245	13
397137	742547	13
402891	801910	13
385257	791581	13
409628	833942	13
369249	797068	13
460942	779073	13
423146	737571	13
420509	788730	13
422736	790806	13
401492	790336	13
394018	799506	13
385140	796221	13
430243	781020	13
416775	806826	13
425796	795608	13
411488	837715	13
433989	765343	13
415806	783594	13
417023	771194	13
415270	775605	13
391163	811977	13
405350	762342	13
414860	773921	13
371779	814715	13
415631	805010	13
387951	813315	13
472691	802678	13
471930	844046	13
432892	815223	13
366654	802105	13
411721	717873	13
426115	814461	13
375997	806621	13
385561	718324	13
375573	809249	13
437958	784801	13
363857	784086	13
430138	818594	13
435085	791564	13
414036	742189	13
425611	793420	13
439793	740773	13
467107	817914	13
387631	749416	13
430001	765803	13
384225	784381	13
417146	822655	13
427371	819417	13
399587	792459	13
474648	778810	13
345692	788190	13
409515	756149	13
469782	780552	13
468229	827985	13
414951	852935	13
409701	750741	13
442826	795974	13
459556	818479	13
423311	813081	13
476144	772131	13
391976	789416	13
448649	813885	13
496658	816784	13
410336	767856	13
430167	811490	13
357467	797530	13
404220	785798	13
446368	763341	13
439514	758221	13
424145	743433	13
470062	771204	13
421187	779726	13
396617	801039	13
394708	739061	13
394912	755947	13
425950	788228	13
408283	806161	13
419520	778231	13
441950	785934	13
409814	836083	13
395817	788858	13
422776	808328	13
363959	810632	13
422943	804253	13
407626	771304	13
347933	797148	13
457554	795861	13
394274	837428	13
445674	768552	13
416359	786189	13
419485	804779	13
376176	795539	13
349378	805118	13
456566	743012	13
484407	809641	13
403329	717870	13
392795	817694	13
372621	772258	13
461751	817277	13
489182	773934	13
427388	815258	13
418155	819422	13
437035	755506	13
416444	783624	13
777811	751059	10
823974	725025	10
749723	781756	10
875160	698897	10
828194	742074	10
800913	749332	10
831165	783383	10
793019	764859	10
810467	706465	10
803540	754792	10
844662	654835	10
803962	731228	10
823065	733789	10
822156	732296	10
811389	723618	10
779936	774397	10
854769	713941	10
803457	735855	10
790712	745884	10
815652	733433	10
841289	701474	10
832054	751330	10
786032	701427	10
824835	704997	10
832886	781206	10
818063	797960	10
857620	709386	10
828589	652430	10
836727	737798	10
776000	780347	10
824098	714042	10
830583	710990	10
862189	735684	10
815131	704478	10
828478	655405	10
784838	771499	10
880362	706363	10
767482	727417	10
825070	734215	10
813781	738344	10
840863	737972	10
840943	739611	10
828276	762021	10
822883	728314	10
854886	769396	10
829623	732301	10
835428	731189	10
818338	800932	10
823417	701523	10
812152	689907	10
829969	699565	10
861563	661642	10
816955	747629	10
774526	757135	10
803577	712231	10
798056	714380	10
881789	727577	10
858867	700187	10
834996	728517	10
839121	736259	10
841045	738224	10
840100	728839	10
874544	686096	10
862334	747768	10
820253	714625	10
817862	732248	10
844729	682981	10
846484	719360	10
793669	724513	10
821906	732848	10
826465	646980	10
820350	748217	10
814540	707227	10
838223	766380	10
869471	745767	10
816054	733183	10
801177	737548	10
848783	748980	10
814105	723255	10
838036	749612	10
840270	725456	10
789601	714058	10
827169	708345	10
789448	738035	10
835030	668528	10
848151	741869	10
816091	747764	10
801511	761094	10
822670	689090	10
873672	734440	10
808153	737136	10
755829	751858	10
814697	729209	10
832758	707452	10
848264	762550	10
799903	784535	10
802674	727804	10
828147	808738	10
820707	705318	10
824594	741664	10
804474	747122	10
823108	733302	10
839514	728923	10
827711	732798	10
851644	721350	10
816390	711340	10
798007	723995	10
790612	738038	10
821909	728448	10
865754	723314	10
735295	814058	2
877711	703850	10
792990	685472	10
809917	762429	10
789388	712210	10
879221	655497	10
876935	684572	10
819439	735945	10
807929	730950	10
850451	764015	10
811748	766105	10
824765	761114	10
848586	789052	10
812231	739235	10
873532	712802	10
842590	716861	10
832798	734777	10
817640	730018	10
824322	744720	10
777697	798253	10
868493	677155	10
805658	698630	10
840349	790707	10
796953	726378	10
832589	782799	10
817441	709397	10
856029	730586	10
805089	762512	10
854628	773470	10
846090	651306	10
796943	674692	10
827192	785316	10
818209	719382	10
795200	786424	10
817777	724927	10
846512	683647	10
825080	746712	10
824674	806300	10
822616	735941	10
805391	732659	10
823250	732088	10
850376	739749	10
821337	733356	10
796786	724615	10
862425	741010	10
825690	703854	10
800872	672603	10
825395	715780	10
843911	730036	10
820238	732928	10
848570	703697	10
825515	738284	10
820367	732364	10
822025	749214	10
837718	761480	10
871723	685520	10
850904	720163	10
816775	739989	10
822103	732911	10
815455	755486	10
835648	756631	10
868626	737331	10
825997	730652	10
817252	730254	10
877906	722361	10
808440	729985	10
791470	751113	10
841654	764836	10
825429	732758	10
751215	828365	2
804706	788001	10
820194	734233	10
869991	705259	10
809779	663654	10
822078	711840	10
866139	717138	10
829379	718721	10
837582	763266	10
783999	732487	10
800231	732106	10
862569	719773	10
838764	652792	10
849343	713993	10
828297	715480	10
821259	750089	10
874643	729921	10
819058	729125	10
817018	729596	10
797804	715342	10
838515	768484	10
829398	724900	10
754841	796342	10
878690	739021	10
821908	732077	10
786495	759000	10
823987	687499	10
787988	741203	10
839339	726322	10
822425	727248	10
854412	725575	10
788351	737539	10
838587	700545	10
840425	762290	10
817395	734126	10
807913	737341	10
872285	750708	10
788166	702817	10
836225	709204	10
822293	786837	10
888892	702505	10
822623	745025	10
795124	696429	10
832238	725434	10
815593	689874	10
843572	784897	10
833716	758772	10
822474	780882	10
801102	759330	10
841752	731595	10
808779	732990	10
822533	758955	10
817807	715863	10
837977	728814	10
801204	755177	10
819628	810748	10
814732	734183	10
832086	716249	10
876503	659112	10
823856	749355	10
819737	737829	10
818756	743887	10
811971	664520	10
801526	705057	10
827031	734324	10
843891	721571	10
810460	735109	10
782368	759352	10
801172	715857	10
866928	716961	10
829673	730398	10
850888	736810	10
786935	732999	10
769656	721159	10
804925	735492	10
870054	738900	10
818932	728481	10
853692	746285	10
807072	687932	10
750459	800215	2
823959	737866	10
835804	710711	10
790206	747165	10
813092	739043	10
801810	728106	10
825404	733788	10
820947	730529	10
827081	694553	10
822664	720677	10
768565	762193	10
823113	733720	10
821079	800206	10
828531	731300	10
820757	738235	10
781260	737962	10
819438	662327	10
833504	744564	10
789552	731946	10
822843	763117	10
775555	719683	10
865084	713697	10
820455	729132	10
849547	738979	10
762269	792243	10
821464	700760	10
824013	753991	10
803369	698753	10
823589	728083	10
796353	710294	10
820083	728310	10
829133	735488	10
823455	747394	10
818542	740451	10
809623	734937	10
841762	777572	10
802184	751958	10
803874	675499	10
830065	739162	10
824140	729074	10
852730	769968	10
866760	753547	10
811031	703822	10
825414	734466	10
816615	770855	10
786227	765634	10
817269	733788	10
809453	736879	10
757421	774445	10
818251	731938	10
788020	765562	10
823618	734216	10
812295	728049	10
837545	696979	10
797918	694723	10
822224	742716	10
821895	732158	10
797233	713358	10
800258	733812	10
813319	737376	10
860951	162251	11
860387	157731	11
857363	154639	11
863391	126214	11
839094	159543	11
849248	164090	11
875990	133950	11
905936	150106	11
895835	123485	11
818079	108536	11
898976	198452	11
869087	153957	11
849653	143827	11
834293	161575	11
844234	153197	11
835128	212354	11
828179	155649	11
875410	128878	11
850965	156224	11
800816	176612	11
832621	150748	11
876863	176593	11
826192	172906	11
862679	188399	11
839974	154358	11
854338	135067	11
855233	141357	11
850538	160159	11
868442	160118	11
888714	205560	11
864185	161232	11
851280	156049	11
875825	204959	11
840375	155757	11
892340	149050	11
873527	126426	11
836433	200181	11
826499	142732	11
854922	159650	11
883537	210648	11
807420	168787	11
840299	118907	11
834602	213597	11
864053	139325	11
856454	117143	11
857972	160214	11
850046	108829	11
804936	148980	11
864374	150149	11
858587	150101	11
870247	121460	11
855656	162100	11
850176	127908	11
850057	157848	11
828005	145089	11
861994	160156	11
849537	157510	11
867125	168762	11
838142	156770	11
847644	164348	11
856349	158150	11
860606	152843	11
869288	168662	11
838328	185708	11
860986	140320	11
829229	143653	11
866051	172932	11
871556	194747	11
865489	161762	11
851840	110475	11
846256	154064	11
836081	178429	11
859707	202806	11
849938	156042	11
894124	202052	11
864325	170593	11
848108	161786	11
817619	181929	11
858058	196183	11
861242	161722	11
885793	172115	11
850577	157049	11
877125	161227	11
883864	111281	11
891699	170415	11
802394	87835	11
862759	157988	11
824185	167369	11
813124	157130	11
840335	164912	11
858042	178196	11
846257	145306	11
858516	151301	11
851282	153750	11
905005	164126	11
857309	139276	11
845589	192916	11
895245	150977	11
863995	150435	11
862642	159379	11
861631	169376	11
858934	162874	11
912023	160368	11
842824	177832	11
824560	133679	11
842281	175525	11
860845	155375	11
841096	188742	11
821428	153468	11
840357	169437	11
827802	189078	11
844734	164570	11
847812	114745	11
887269	166179	11
830159	134329	11
850925	157811	11
847276	121785	11
870599	149782	11
780153	136449	11
814379	132655	11
834483	173379	11
852423	159874	11
854012	157449	11
883375	158482	11
850219	110573	11
836450	151205	11
881217	172320	11
813239	139752	11
871255	140340	11
789356	159383	11
873690	156226	11
858834	149259	11
778867	140736	11
872057	122354	11
882097	161493	11
787336	144875	11
849751	167033	11
843833	170416	11
850663	157840	11
812240	177846	11
838609	140215	11
850959	157920	11
859703	156782	11
854753	190254	11
895723	126593	11
857833	170565	11
850200	164752	11
845303	150476	11
877422	134877	11
850153	155701	11
819256	201704	11
871689	155981	11
818014	140185	11
815298	167390	11
864088	171351	11
902529	162041	11
908069	146564	11
799326	106384	11
854996	81095	11
843813	182032	11
888504	147016	11
877964	242679	11
851866	156896	11
821361	175823	11
810775	160434	11
843150	156573	11
844088	150085	11
830620	117906	11
835790	127898	11
819541	117296	11
858703	157931	11
857846	153281	11
876408	183646	11
842576	153072	11
848974	199427	11
862925	243856	11
856561	128799	11
834171	189042	11
872516	217570	11
869167	105039	11
819670	183364	11
846575	159002	11
895127	152283	11
830445	186055	11
792179	148539	11
852410	187705	11
853554	158012	11
927170	250593	11
825605	167750	11
846731	162515	11
878170	123364	11
884966	133900	11
866987	154415	11
846284	113820	11
873474	159567	11
878258	158631	11
882306	173836	11
856924	169071	11
794260	129843	11
851568	114049	11
868736	179354	11
925732	210388	11
868375	161990	11
855593	161003	11
849599	157084	11
868317	177001	11
800304	163436	11
823740	169808	11
856202	158811	11
883929	121705	11
851010	157593	11
872506	157517	11
850533	160136	11
816393	185056	11
850911	157772	11
812942	85345	11
835581	147664	11
913298	162009	11
858172	137586	11
872781	154295	11
871597	185239	11
923120	170161	11
837019	215527	11
835702	176502	11
837017	154170	11
859177	143273	11
866851	129505	11
855852	134834	11
924289	171369	11
860154	113364	11
836739	162321	11
850775	162968	11
884750	154317	11
849681	125345	11
854463	159977	11
883567	161769	11
848137	87922	11
823676	152154	11
848135	130674	11
844400	150812	11
864494	136669	11
878157	210496	11
851088	157432	11
786528	104976	11
860106	157080	11
861412	205239	11
820675	168154	11
834036	144156	11
842907	133992	11
846720	162060	11
871544	144135	11
849003	115373	11
856753	145184	11
839757	190518	11
865113	161302	11
846936	161313	11
845802	172285	11
844357	163402	11
881106	105566	11
877835	151890	11
839445	149778	11
866560	165110	11
845798	213118	11
818668	120458	11
831446	182864	11
900955	185733	11
836647	167267	11
874672	104851	11
849126	121710	11
889142	154467	11
855993	225023	11
854095	158510	11
850787	125678	11
859298	139834	11
829216	121494	11
837676	148639	11
851919	127963	11
841353	125628	11
848563	117708	11
893106	176595	11
852503	146551	11
848290	143184	11
825541	151495	11
883231	232031	11
864667	143614	11
805089	96540	11
854909	149938	11
847097	176660	11
910435	171155	11
878749	188759	11
871780	158486	11
841292	155620	11
846011	160034	11
855969	193497	11
860927	110775	11
808069	134402	11
848413	183717	11
791722	162000	11
852104	134678	11
806567	140259	11
847423	161535	11
867993	162841	11
828038	149181	11
849404	170474	11
841967	150890	11
850945	161669	11
888697	143969	11
813868	188928	11
864991	159874	11
881109	152198	11
811694	188374	11
900360	153622	11
885764	151791	11
814553	164190	11
895623	178393	11
829790	205695	11
865170	173755	11
850453	155432	11
864211	216526	11
848770	111076	11
791199	164843	11
834165	140684	11
843905	219401	11
857328	143692	11
838146	159541	11
340693	569371	9
315965	587160	9
405652	622938	9
359831	554975	9
349296	557688	9
289423	559134	9
408689	562521	9
321312	574721	9
286568	547471	9
370259	585265	9
339967	562602	9
410917	614521	9
283570	563726	9
347197	591316	9
342064	570045	9
317331	556086	9
335792	541310	9
330455	568758	9
366794	582584	9
378697	591764	9
339981	565418	9
338342	566864	9
338474	563350	9
432052	613723	9
340064	550509	9
334354	578047	9
296775	572432	9
353335	592567	9
334016	562797	9
328438	532686	9
365927	571713	9
343247	564376	9
325057	581121	9
330881	579058	9
378648	579579	9
339115	566863	9
333299	597586	9
367048	553451	9
345840	561591	9
366934	581294	9
358793	547046	9
393570	579641	9
304399	545221	9
353979	578923	9
337002	589527	9
327738	559624	9
334549	579199	9
297110	556485	9
327403	548875	9
413894	564459	9
326043	553772	9
337811	558454	9
333901	532836	9
340545	568654	9
358483	554925	9
318065	581616	9
367751	578289	9
331667	570387	9
321519	561045	9
299578	572052	9
339632	536577	9
339993	544064	9
268672	508874	9
332960	569308	9
345042	566973	9
352220	602793	9
333934	537464	9
312386	555195	9
334182	558498	9
335328	562880	9
303637	570253	9
353145	580916	9
325118	556212	9
294310	563522	9
371563	547746	9
373894	555347	9
407040	577739	9
337298	565486	9
357813	572855	9
304157	566007	9
335918	566525	9
330127	570072	9
339212	538693	9
357275	551101	9
334785	565575	9
326152	563230	9
345903	561314	9
238748	551038	7
331175	551842	9
352520	566829	9
341675	560197	9
354746	552404	9
412500	594675	9
277027	536847	9
322209	547247	9
375619	553791	9
288068	561932	9
344770	570309	9
284031	566654	9
324442	567881	9
356246	549756	9
404420	577532	9
336829	562228	9
293591	522132	9
342963	582232	9
338860	561151	9
324055	590810	9
328331	541094	9
357737	597104	9
392534	593343	9
298665	568245	9
343376	575709	9
338863	563107	9
361370	552483	9
338935	567577	9
350117	535859	9
371000	555062	9
368617	554066	9
331795	529654	9
344237	573700	9
280110	522025	9
328657	564864	9
452457	597461	9
333669	542228	9
320628	564596	9
316642	553340	9
340712	563178	9
349955	535578	9
261538	525920	9
411008	607342	9
317136	563479	9
297022	574097	9
319927	524637	9
359772	568428	9
344791	578536	9
324093	580491	9
373907	558472	9
321905	573147	9
341721	576427	9
386373	606623	9
338588	543875	9
341578	558672	9
371616	570648	9
331987	568997	9
341329	565571	9
334350	556417	9
330482	571217	9
338950	572545	9
289087	565427	9
343997	585193	9
225786	529417	7
365567	547606	9
320827	519618	9
286990	529505	9
321517	569562	9
388806	569524	9
411796	581307	9
331440	551885	9
325958	573367	9
348171	569251	9
344239	530765	9
419151	577335	9
321309	569996	9
386377	574187	9
342099	561508	9
366688	562413	9
321657	538660	9
403004	613466	9
363304	553764	9
384922	582877	9
304556	568584	9
336787	538925	9
327998	571265	9
303269	531608	9
313649	523765	9
337889	558031	9
360165	553303	9
340032	561740	9
338634	564414	9
351459	565704	9
412767	593558	9
283474	532727	9
336928	557412	9
366478	594677	9
343450	570659	9
331616	565089	9
354529	573677	9
276703	559740	9
282066	560178	9
331366	567311	9
321910	573825	9
290107	571927	9
281979	518199	9
374695	563163	9
340191	567638	9
338583	563529	9
358312	559466	9
338474	564151	9
338205	566246	9
342901	582886	9
265815	540385	9
304086	576100	9
347966	563506	9
346144	560472	9
352381	592377	9
318681	528806	9
369366	561201	9
310041	533285	9
344314	595915	9
363956	609339	9
328586	551385	9
330767	552963	9
312558	520650	9
315850	573154	9
379388	567285	9
329905	579935	9
352209	548608	9
357679	548036	9
339288	588052	9
330335	568221	9
341559	562163	9
341925	569393	9
327695	543105	9
335999	549795	9
302359	534317	9
332586	566187	9
330750	561657	9
400380	588221	9
337910	562252	9
336549	565597	9
343717	559909	9
332116	594868	9
358384	556361	9
415881	584352	9
345164	579614	9
316395	537403	9
340970	564831	9
340383	600071	9
326627	534442	9
356865	545785	9
306298	551902	9
347575	565576	9
302583	571881	9
352424	557574	9
279008	521035	9
335029	553213	9
338753	563384	9
324032	577807	9
327973	534972	9
321924	527106	9
345495	579864	9
385091	599401	9
361138	551307	9
332884	533990	9
269126	508814	9
350056	566657	9
374117	546122	9
350283	559840	9
335525	567445	9
350798	535657	9
289002	520678	9
324516	522674	9
364844	571623	9
351815	574947	9
275524	559548	9
348773	583528	9
308966	523409	9
316313	570785	9
341966	561987	9
341446	538787	9
318823	565345	9
347522	587567	9
293746	544468	9
334983	572690	9
325125	564342	9
330145	546705	9
336336	563145	9
302353	545544	9
321216	569834	9
285152	520229	9
335027	565050	9
332270	556288	9
341016	545280	9
339640	561426	9
338633	563504	9
324952	565867	9
353583	554147	9
385183	556284	9
292636	520371	9
289176	571435	9
310944	559497	9
336974	563207	9
337173	557853	9
396903	591235	9
324440	567074	9
333378	557892	9
300366	565761	9
344437	529492	9
325871	558965	9
367641	556309	9
344552	554676	9
297212	546223	9
355924	577596	9
331340	524203	9
292932	558293	9
306346	523584	9
341966	586266	9
282430	560217	9
326251	549298	9
335201	585318	9
351564	573155	9
322365	530808	9
405542	600089	9
296763	528676	9
221233	538472	7
338084	560295	9
345674	579033	9
325883	560492	9
345123	577788	9
329859	564384	9
353939	570931	9
409616	575024	9
365058	545456	9
404782	557913	9
368724	598412	9
344096	575522	9
182618	346663	12
171461	348130	12
186536	330019	12
177241	292639	12
248683	383412	12
174057	358906	12
215243	289985	12
170688	343596	12
144502	345417	12
165689	356983	12
168443	367928	12
165158	343946	12
159711	352701	12
175781	341039	12
233480	289069	12
189029	366740	12
168573	350387	12
170271	306395	12
192775	350028	12
152054	345632	12
139299	314046	12
202053	322650	12
134695	350397	12
159654	381778	12
188093	324040	12
183236	338163	12
156984	430950	12
182751	435819	12
198908	372797	12
198517	325721	12
161345	350804	12
210497	359835	12
141993	331189	12
170788	373545	12
166449	363036	12
155479	345893	12
186380	363938	12
129332	360811	12
224225	376975	12
165945	345849	12
223550	323197	12
122755	434879	12
166584	349245	12
179472	342273	12
148749	359845	12
177505	332053	12
160222	380591	12
178869	370161	12
170002	370000	12
164354	347671	12
169966	368623	12
145867	363616	12
181561	358111	12
164915	350360	12
166973	341636	12
153181	277968	12
155505	355581	12
160835	347784	12
211265	396792	12
203254	362605	12
137967	354539	12
174064	357989	12
179609	408365	12
176506	351827	12
172879	347028	12
180506	330980	12
185966	359964	12
146070	316860	12
152957	321354	12
163190	331719	12
186914	361706	12
159191	309314	12
170425	316185	12
162040	316797	12
195000	354829	12
126702	351222	12
213064	290947	12
140612	350010	12
172885	352621	12
170155	343568	12
186806	334070	12
146072	288800	12
169293	348686	12
169502	411323	12
152861	407965	12
156041	295117	12
117585	391892	12
163981	344090	12
158664	310765	12
141113	351050	12
163796	345091	12
160369	353500	12
235671	300234	12
140876	334435	12
108232	373112	12
192460	388323	12
133744	308918	12
216209	437830	12
156945	339397	12
199859	316334	12
159496	331641	12
167845	341409	12
182435	365508	12
133795	360518	12
169628	365003	12
167262	399527	12
177728	352687	12
130683	363204	12
198197	344933	12
197735	355477	12
172020	342883	12
185561	342784	12
202011	337353	12
157394	346500	12
182050	424341	12
129664	341196	12
173188	355248	12
182499	310438	12
170384	339979	12
182093	321311	12
185696	338006	12
102221	374657	12
165881	364469	12
164875	349007	12
159120	340829	12
168274	374689	12
178495	373915	12
179811	342089	12
162606	363185	12
173908	362098	12
133580	348602	12
190634	357254	12
186503	369651	12
127134	379827	12
169145	355279	12
140121	346875	12
141860	324304	12
200251	306215	12
174373	363552	12
170022	347877	12
165657	338722	12
186361	351075	12
213022	338238	12
155228	357729	12
171614	435530	12
175586	365049	12
187858	381077	12
171074	293610	12
153738	360530	12
199043	270173	12
165886	348709	12
159428	300364	12
197463	378513	12
161273	347538	12
186082	330058	12
143732	279724	12
142899	329415	12
156977	424622	12
174878	362329	12
148915	338914	12
187324	377187	12
175766	380534	12
185071	362905	12
158550	354818	12
174672	345849	12
169880	343122	12
109090	326101	12
187854	354777	12
153903	353738	12
190241	329582	12
102983	382712	12
143117	345163	12
188985	367645	12
174834	411644	12
144228	344974	12
146821	297434	12
171848	343242	12
94382	320888	12
154412	310120	12
176490	344679	12
170616	352610	12
81648	360080	12
153607	379395	12
183970	355973	12
105444	361358	12
158571	361986	12
177579	319865	12
198892	322470	12
216975	296647	12
166654	350678	12
189102	333074	12
198712	303299	12
137098	384889	12
144306	328086	12
142455	343512	12
178319	318244	12
168886	353913	12
174656	393278	12
130805	354417	12
176433	350561	12
142252	329183	12
165476	377389	12
210102	333312	12
129453	321221	12
144705	375936	12
206687	342276	12
153583	352282	12
189499	356601	12
159392	351000	12
181463	326571	12
162975	335389	12
157691	334886	12
154167	353183	12
165607	362883	12
182239	333302	12
176982	354631	12
183516	374212	12
191099	341570	12
184570	360446	12
207804	354938	12
198493	326704	12
149269	341445	12
184798	392233	12
174438	319075	12
107124	325984	12
76052	360840	12
159302	337993	12
140101	341028	12
168149	345638	12
150009	371014	12
157193	350343	12
111476	358647	12
151164	332239	12
171318	373473	12
175169	349454	12
162600	392531	12
168067	340249	12
170102	323164	12
124132	340448	12
149863	284721	12
168079	347343	12
128953	304971	12
169228	364545	12
198415	321418	12
183610	321788	12
220869	407358	12
159472	372246	12
170837	353968	12
165653	317602	12
135537	356169	12
166973	334724	12
158750	312102	12
161448	373412	12
158713	379013	12
180493	319750	12
125715	302114	12
194033	340466	12
158871	312380	12
161387	343617	12
169121	347594	12
167653	352074	12
125902	318850	12
217686	296514	12
171986	429306	12
211360	279794	12
157181	346842	12
188909	341194	12
140128	325904	12
117874	389929	12
162921	317643	12
173978	346514	12
98533	355691	12
194956	372256	12
164847	287064	12
174410	372064	12
149092	352682	12
166323	352927	12
178515	370287	12
169337	348605	12
122986	334382	12
145282	391482	12
185919	363092	12
180519	368284	12
181227	347052	12
168284	309036	12
198251	335402	12
160922	347681	12
141861	328909	12
147911	328024	12
178264	330827	12
178235	346006	12
195151	317753	12
122360	357480	12
167330	332452	12
115363	305575	12
185661	404482	12
177858	352255	12
113068	317574	12
125675	360158	12
172842	351663	12
124724	459999	7
169069	348929	12
185253	344152	12
155625	262321	12
158201	315944	12
171277	361020	12
209553	326461	12
160165	362858	12
190725	336160	12
169994	409806	12
179463	361279	12
172662	388185	12
165284	425978	12
160206	303063	12
155690	368375	12
124516	325289	12
179326	321160	12
165573	305517	12
155508	372355	12
166799	318482	12
161780	324523	12
168805	351913	12
206519	355629	12
163091	350167	12
176144	353300	12
179483	359645	12
213951	352868	12
164046	346109	12
169569	346955	12
225356	318394	12
214966	358837	12
159253	343477	12
219779	330969	12
169876	340860	12
669118	354195	8
613682	399434	8
617399	392653	8
629247	364078	8
641070	424917	8
609532	388425	8
629369	398359	8
605911	379990	8
622550	391601	8
607905	403460	8
679465	399014	8
608711	373665	8
623498	399288	8
601212	370698	8
574989	407228	8
563517	391159	8
687717	379483	8
616040	330855	8
653024	367312	8
607440	403119	8
620240	397022	8
599215	391457	8
587478	424878	8
613921	394043	8
624328	392133	8
635887	384511	8
559877	401053	8
617755	401065	8
693265	388552	8
559933	403956	8
655859	416496	8
625919	402984	8
595215	391491	8
617493	379303	8
598657	442558	8
601644	436831	8
617118	374098	8
591051	389443	8
617296	386864	8
616468	394118	8
630384	376295	8
558770	390646	8
637332	414017	8
556780	409205	8
577473	384210	8
650054	432740	8
595063	328609	8
714443	433876	8
603566	410391	8
562356	383175	8
546166	423311	8
626539	394908	8
663820	416308	8
710910	464586	8
624310	398408	8
632546	389750	8
667249	417107	8
608309	377530	8
611357	393577	8
658219	436184	8
615032	402225	8
628131	406850	8
632390	363198	8
575116	345564	8
625784	441883	8
618893	419740	8
579564	428498	8
686324	364237	8
586242	396484	8
623248	399928	8
609219	362804	8
537211	376777	8
605310	394011	8
634973	450542	8
595411	413706	8
613037	419086	8
617444	397675	8
633304	366062	8
592620	446156	8
631633	337973	8
619637	395224	8
620330	398630	8
621964	409409	8
618446	372298	8
629789	426313	8
608687	374928	8
680646	375662	8
591831	438997	8
550086	442382	8
620330	396776	8
551236	401856	8
617178	414525	8
584938	344365	8
622636	456843	8
649987	408293	8
613719	382828	8
576987	392508	8
599766	409755	8
584077	398498	8
695514	321521	8
561388	355834	8
691600	397893	8
610676	449688	8
600114	413216	8
626811	372435	8
636291	360636	8
570384	393553	8
626700	401688	8
624106	398619	8
523329	404632	8
611954	360938	8
613536	395801	8
576488	397913	8
652745	406585	8
603193	371867	8
610026	444858	8
629725	405117	8
648429	422590	8
562772	382904	8
638823	411764	8
617764	397102	8
579922	379009	8
610698	396326	8
642607	374702	8
621629	397208	8
659321	404555	8
576235	462612	8
598628	425191	8
623502	420376	8
665965	449273	8
608923	385575	8
611579	407670	8
617573	386848	8
589862	418742	8
653325	396810	8
605073	372055	8
623137	408209	8
499262	398424	3
619339	401624	8
619295	397643	8
578878	420108	8
533577	355107	8
615934	426539	8
690195	475150	8
673514	390760	8
657120	386782	8
549945	372313	8
675858	410545	8
626586	415166	8
618449	404599	8
638783	399478	8
578113	395458	8
622557	361134	8
635324	420555	8
666135	430421	8
689725	465685	8
593601	445149	8
615094	383077	8
624599	417673	8
573969	434110	8
642881	403147	8
634383	422065	8
582389	428200	8
617330	369828	8
621989	394856	8
651828	468138	8
612936	398723	8
613351	407952	8
562777	437516	8
533212	366954	8
618113	400002	8
609344	448128	8
615342	413931	8
623989	368662	8
620187	400168	8
687638	439257	8
573925	449341	8
547270	403384	8
619318	361696	8
588432	446279	8
592924	393730	8
615325	383841	8
611875	422910	8
681941	370225	8
620818	396967	8
662154	385013	8
554938	347875	8
628655	321099	8
619628	399433	8
660333	393215	8
618391	348381	8
565829	395454	8
617689	397001	8
604554	393193	8
572417	403906	8
659193	384523	8
632060	367800	8
633894	404424	8
620610	395343	8
615175	397627	8
624293	333944	8
593689	316888	8
617319	374666	8
572244	349463	8
619239	400025	8
621622	390298	8
622101	371771	8
630205	338054	8
654147	407182	8
637594	420311	8
629004	392271	8
585207	336451	8
618349	397614	8
650157	402991	8
638966	486628	8
655201	411873	8
602335	433298	8
630706	388370	8
617428	397343	8
621537	390372	8
631365	450732	8
618406	404239	8
601390	453925	8
603945	361794	8
619427	396945	8
660103	414557	8
700340	335010	8
608182	416637	8
661166	404325	8
620939	385731	8
626371	349696	8
614683	367259	8
619332	401992	8
587453	401098	8
652349	321291	8
617954	395504	8
636807	424537	8
533889	333741	8
623386	387031	8
632952	385722	8
695010	449565	8
626843	367696	8
488205	420586	3
611547	411952	8
621241	368090	8
581240	362971	8
608747	363132	8
662177	420431	8
615665	405490	8
617447	366176	8
560393	389490	8
685785	409913	8
623433	400160	8
609091	437020	8
624343	403629	8
668879	388617	8
567105	437623	8
657450	365008	8
591955	378142	8
588952	437524	8
607665	447516	8
608601	418450	8
662830	420955	8
605891	428146	8
615239	317684	8
588933	366439	8
618053	357534	8
577773	434308	8
606558	458285	8
620955	389692	8
738190	371970	8
634661	446187	8
571692	449353	8
605650	447537	8
639502	371440	8
684568	380640	8
658735	399039	8
618157	384990	8
618869	398187	8
603388	403039	8
585255	415823	8
639507	438534	8
594112	399331	8
619475	400592	8
571570	375257	8
659297	373975	8
603285	449307	8
610199	394579	8
590500	418472	8
630904	404643	8
591725	406549	8
621560	397789	8
563182	367521	8
593879	444161	8
616054	371666	8
627679	395601	8
608195	447380	8
616737	397973	8
650120	324477	8
616926	398697	8
650859	460072	8
642157	345545	8
601369	411415	8
604703	392288	8
721905	378957	8
619415	397644	8
571043	347389	8
659191	459637	8
629978	400626	8
688487	383589	8
598053	438963	8
635242	356290	8
605899	412428	8
656642	407213	8
619924	406713	8
630067	372798	8
600007	377908	8
589164	386733	8
630491	379017	8
618676	377015	8
639613	388524	8
669409	415893	8
681608	436537	8
649968	371445	8
629000	417990	8
658884	390135	8
605407	427914	8
629891	414975	8
621778	364695	8
610722	418243	8
601599	388540	8
615649	429323	8
627206	402647	8
643965	366316	8
614877	402442	8
606486	420054	8
668482	358452	8
628715	434772	8
196462	887983	4
335970	846828	4
272394	837600	4
211165	825505	4
226433	837646	4
219686	859997	4
242087	844255	4
213558	873714	4
245144	845719	4
247997	878582	4
283576	809069	4
224676	859348	4
298214	820903	4
245468	859425	4
222704	824909	4
250921	819639	4
249209	801933	4
230591	874855	4
234091	876039	4
286769	862152	4
224789	866804	4
245023	849247	4
263626	851699	4
250198	825417	4
231263	863308	4
307605	840195	4
276635	875623	4
230399	842538	4
274070	798617	4
247939	831010	4
209922	850026	4
300726	862728	4
222727	770963	4
239505	885057	4
291561	845450	4
221122	832810	4
194258	914691	4
228928	855040	4
264627	808661	4
225916	843329	4
240221	843932	4
276600	823311	4
204854	810013	4
278326	829095	4
246047	846189	4
251032	876118	4
285258	848668	4
260943	889692	4
245928	867228	4
221002	870506	4
292872	896822	4
261896	897475	4
269723	849664	4
243941	843256	4
249370	872804	4
237120	856814	4
257472	849587	4
253703	834676	4
238080	830689	4
225991	869734	4
231781	799444	4
296892	901182	4
234604	822462	4
241473	860854	4
219864	842635	4
235901	856563	4
207217	878249	4
256949	820470	4
204597	863162	4
325275	866433	4
239344	814789	4
187894	871219	4
259973	862559	4
189752	865463	4
245707	844466	4
188480	870646	4
305915	854818	4
242443	851797	4
227138	824372	4
229970	878786	4
281971	825246	4
241166	845204	4
225846	874086	4
284077	905181	4
258975	837353	4
241972	840749	4
245602	857160	4
227363	836593	4
257926	936947	4
237689	839510	4
267799	847911	4
207552	772091	4
201567	881003	4
265125	820661	4
273165	852766	4
290210	818593	4
256487	868899	4
271395	862063	4
251958	886571	4
249253	856047	4
268289	878265	4
295375	861990	4
256316	818886	4
246470	842932	4
314666	849163	4
298979	774144	4
192885	887667	4
227819	900986	4
250003	859517	4
249857	844975	4
218369	851387	4
252586	806474	4
283017	850861	4
228095	843338	4
266980	825990	4
241381	844402	4
294053	878220	4
253339	750941	4
241413	845029	4
294326	807584	4
257856	846423	4
248210	886338	4
216846	737568	4
244743	830888	4
277055	860813	4
279923	805957	4
235041	823732	4
238524	842928	4
246453	883061	4
260590	827955	4
274554	845338	4
245254	907991	4
299821	866288	4
261120	804153	4
246729	879602	4
240308	844341	4
220620	819091	4
268926	813783	4
234219	845270	4
188424	849785	4
240171	843940	4
163766	859386	4
191257	802651	4
224852	934148	4
261093	844962	4
228711	848090	4
183478	851724	4
201080	823689	4
118590	857150	4
264798	767716	4
313609	860065	4
232246	844226	4
237757	834092	4
222682	806314	4
243331	844022	4
197362	870337	4
229857	843917	4
244257	776516	4
224083	852922	4
309399	838744	4
271205	817620	4
242247	864253	4
235337	831592	4
232357	810798	4
252199	828023	4
267049	950249	4
245678	821691	4
241138	844374	4
246182	840370	4
264175	824349	4
266977	887963	4
274685	883097	4
244260	847060	4
256073	917590	4
258416	835432	4
241687	844256	4
282603	846165	4
228032	893055	4
226949	889283	4
264274	813041	4
139601	914203	4
229131	842806	4
236274	861302	4
261819	863523	4
200005	825237	4
310591	841778	4
244049	817710	4
235022	911236	4
256512	837094	4
236495	861569	4
256889	880721	4
258528	856273	4
233284	860085	4
257480	849037	4
269354	811847	4
222445	891438	4
222356	840843	4
236207	886769	4
174371	864697	4
159683	838958	4
237750	837381	4
241545	838673	4
256082	831969	4
246468	838071	4
205919	844377	4
266111	813259	4
244246	847589	4
244899	812192	4
219316	898830	4
251866	864044	4
238308	790723	4
209264	836661	4
242519	845811	4
351883	890475	4
278929	842054	4
244027	850132	4
248570	843156	4
224681	858432	4
210276	824826	4
220884	916718	4
240846	841609	4
257093	801567	4
236749	813868	4
332237	911313	4
288954	846991	4
238084	844799	4
236431	844100	4
299772	828655	4
241633	846949	4
230107	858332	4
256216	903741	4
258135	880184	4
232331	872896	4
183583	787453	4
264293	890923	4
213208	833959	4
224288	931476	4
261622	869706	4
297183	841456	4
241849	815141	4
308616	811021	4
220931	876605	4
289719	866638	4
233931	838374	4
224694	848663	4
240645	855514	4
229567	855332	4
247613	815836	4
239387	847822	4
257788	880587	4
245532	846331	4
224241	828996	4
227582	856861	4
244618	845420	4
213775	841758	4
243511	830743	4
244799	841688	4
216061	848623	4
294492	832336	4
248931	844960	4
267478	894783	4
228715	837572	4
269483	848608	4
248276	844455	4
236987	881080	4
223732	826580	4
230149	886583	4
265299	859533	4
181803	799487	4
247210	859012	4
261633	773355	4
262370	891499	4
250394	847577	4
222019	839774	4
238328	770068	4
208941	860169	4
238714	858826	4
241005	825301	4
270742	847836	4
238492	833394	4
312726	853829	4
286663	846902	4
261796	819395	4
253890	807676	4
242415	844335	4
134134	842630	4
163956	833732	4
250359	849451	4
295357	842293	4
218942	848326	4
205466	778884	4
253899	862843	4
244966	841126	4
208494	850615	4
221126	837878	4
271093	861412	4
216543	842952	4
255185	825960	4
251070	877802	4
264565	859237	4
228611	836717	4
228517	837056	4
198583	860431	4
215976	836025	4
254411	848090	4
168036	807011	4
292194	906490	4
243951	865415	4
260922	785987	4
245740	814541	4
317675	838127	4
274505	864723	4
230049	865536	4
235084	818866	4
172690	847721	4
221706	875060	4
236740	853169	4
298800	824277	4
265246	889333	4
219498	851932	4
247484	846372	4
288675	919879	4
229280	813483	4
282622	879222	4
307300	836132	4
238260	882489	4
219049	825171	4
219321	848396	4
240028	849354	4
212009	864463	4
246857	852483	4
245118	811283	4
247855	794626	4
253655	821946	4
241475	850889	4
210162	860529	4
204922	854068	4
225567	853078	4
245258	799882	4
257134	845851	4
187314	815820	4
294275	174786	14
329428	66056	14
325938	164475	14
253129	154296	14
319838	170383	14
240213	118409	14
283784	178305	14
376613	159699	14
338717	181582	14
304283	183656	14
314519	146787	14
270899	175377	14
291228	101272	14
291170	110147	14
321522	163852	14
202627	179376	14
307913	91419	14
311093	169734	14
321775	164846	14
294832	124284	14
295537	91032	14
383044	180418	14
338570	192256	14
337894	175289	14
359796	165920	14
316263	163806	14
320972	170417	14
277860	111893	14
367806	123963	14
359352	162962	14
350964	149159	14
332201	181702	14
287966	150135	14
346942	152780	14
232784	169847	14
292492	99170	14
334529	166765	14
363208	238649	14
196795	190277	14
353333	113156	14
373191	88470	14
333789	151168	14
339732	163158	14
321822	187102	14
276792	141848	14
308044	164482	14
311328	159477	14
383052	89061	14
316820	150304	14
314479	178821	14
310824	144943	14
333143	200298	14
300672	175844	14
339482	151261	14
319208	164182	14
321645	164662	14
308763	166511	14
308066	145825	14
360143	155270	14
348893	195430	14
319283	158983	14
332284	194186	14
292402	184441	14
361227	221878	14
313573	109221	14
310693	154278	14
344482	215846	14
358652	186358	14
330533	214555	14
320400	160020	14
267662	127175	14
396583	82842	14
292193	125417	14
324121	96346	14
321344	166633	14
234837	151054	14
368060	76739	14
347050	150472	14
245783	109229	14
400550	144359	14
343217	153037	14
315488	160339	14
347406	155708	14
336845	172750	14
357014	148222	14
331862	169092	14
322140	165212	14
363075	162238	14
318738	182134	14
346717	178180	14
311819	140674	14
332032	157725	14
301983	173386	14
321556	163352	14
315830	102777	14
312275	145173	14
325861	203058	14
360703	150999	14
345976	148333	14
320210	191459	14
318665	158107	14
425563	163524	14
264427	188193	14
348177	179526	14
265430	151883	14
320718	158610	14
380609	185976	14
345234	188822	14
362027	150348	14
300294	178772	14
315963	174031	14
333787	189423	14
337343	156614	14
334812	137431	14
347492	153416	14
324518	167369	14
353991	193997	14
274321	219665	14
335476	183897	14
300021	159185	14
384591	137729	14
320000	162605	14
268938	211870	14
366146	196571	14
356280	185198	14
325767	164095	14
350480	214608	14
314791	163370	14
302582	134124	14
328851	147002	14
347039	195468	14
289531	145743	14
343018	239960	14
271123	163465	14
326959	154655	14
332307	189590	14
310529	141617	14
380281	205779	14
411606	137378	14
348191	165419	14
305292	175260	14
256120	141529	14
390934	170420	14
358562	112650	14
355499	224982	14
363437	77975	14
232043	177614	14
246753	175170	14
327204	152871	14
371685	151612	14
291723	177824	14
324488	180658	14
340048	131847	14
295311	115000	14
239495	163949	14
267521	119941	14
401396	125431	14
260930	184935	14
336085	170252	14
291782	159562	14
307616	207295	14
352910	145624	14
294653	104623	14
372883	222824	14
318707	160697	14
281548	175184	14
307747	128551	14
336991	217448	14
270233	195701	14
433100	134861	5
311433	134432	14
375353	117180	14
315146	160782	14
311163	166821	14
305333	171939	14
332470	161202	14
302266	185591	14
370775	144355	14
314552	151035	14
343145	172236	14
331212	162496	14
299460	144708	14
383894	179880	14
345703	149860	14
331381	162660	14
344364	213940	14
378347	144880	14
322789	137560	14
328425	159826	14
341137	78287	14
317771	154916	14
336266	148507	14
342066	119083	14
297177	88467	14
280519	165350	14
305901	166656	14
284757	175853	14
281732	221764	14
321262	178491	14
344710	213543	14
311408	168232	14
356500	188114	14
304376	222294	14
278116	185472	14
247892	115217	14
306326	164202	14
311516	94189	14
323747	163351	14
321778	158339	14
309501	166931	14
333942	143344	14
339393	209145	14
340996	170964	14
315333	144566	14
332853	168141	14
290958	168323	14
297731	175876	14
280274	182662	14
306540	193434	14
319155	159850	14
355168	114823	14
270201	236813	14
347630	120931	14
446538	180119	5
371052	147369	14
403365	215735	14
258201	153095	14
335121	214149	14
283786	133973	14
353951	133923	14
345069	165968	14
367079	183232	14
363932	228249	14
354132	161850	14
390538	157197	14
333805	148479	14
325344	159885	14
323905	168029	14
274495	182470	14
309684	150076	14
381617	157000	14
322841	169735	14
359520	132845	14
249616	144446	14
321620	169950	14
415495	116126	14
335742	196692	14
271424	251323	14
340066	152500	14
327734	163585	14
346079	220993	14
276741	143844	14
377042	182019	14
400055	131725	14
332246	172932	14
310386	171068	14
327569	158418	14
324444	166910	14
317217	163896	14
270404	183080	14
277512	151920	14
324966	170021	14
306421	145493	14
382419	110392	14
318266	171979	14
321245	141627	14
318192	170844	14
320821	165455	14
329029	204399	14
311065	219934	14
287127	192494	14
283571	109326	14
308748	199866	14
369490	164369	14
270729	67329	14
279010	181792	14
282957	179982	14
308489	145929	14
327927	168535	14
327022	161396	14
376557	109320	14
248427	146381	14
321182	150806	14
312337	154488	14
268518	181514	14
285865	167818	14
279251	184486	14
306042	66361	14
318215	180010	14
293978	197091	14
338044	233264	14
293864	241877	14
344380	183817	14
316257	171544	14
248779	111087	14
313783	177198	14
415534	110526	14
296164	96874	14
315670	160928	14
339137	160334	14
290700	196285	14
307107	174760	14
325279	168587	14
328423	161604	14
333883	276840	14
308555	134011	14
322101	164171	14
306357	123397	14
292931	125341	14
284378	223470	14
335003	151395	14
267212	158699	14
343851	193618	14
296627	93375	14
334980	143900	14
335235	180161	14
360945	167952	14
257841	193878	14
275288	212315	14
331798	143962	14
333937	51121	14
328775	156501	14
319829	168353	14
293201	192871	14
327608	177638	14
332562	174699	14
348815	150017	14
312227	159417	14
324337	162686	14
323329	93955	14
291973	127483	14
258779	106777	14
325360	134919	14
267264	153034	14
312421	170617	14
293350	175997	14
275459	190178	14
244344	185382	14
252845	181181	14
357923	192120	14
382720	263255	14
326040	156509	14
165104	543395	7
139903	592241	7
132705	557674	7
114311	601605	7
102460	533057	7
185935	554627	7
123441	594415	7
97216	564094	7
110948	539533	7
101553	517715	7
133023	574572	7
144570	573936	7
136531	557658	7
173576	507309	7
179189	536028	7
141238	557986	7
156430	615117	7
69169	631490	7
31842	565765	7
144620	575370	7
155899	561715	7
137451	555339	7
68388	574380	7
166290	521714	7
210499	526471	7
148319	584541	7
135336	552552	7
136606	562296	7
136301	569544	7
119386	620549	7
139212	557713	7
84501	604671	7
176602	574552	7
105945	528795	7
140989	537156	7
138449	555969	7
128669	574591	7
95749	602775	7
139460	557260	7
130440	562623	7
147885	527813	7
58190	608304	7
151701	574146	7
148385	538149	7
142668	544976	7
145251	553486	7
142265	546135	7
202913	525966	7
192564	547558	7
179240	577011	7
182840	584262	7
144242	557674	7
135849	550612	7
101427	615890	7
143265	548387	7
112379	547679	7
137347	622867	7
139146	569516	7
125756	579609	7
77109	512651	7
138073	556272	7
202547	601240	7
19835	570290	7
118137	579149	7
201324	574588	7
113259	568684	7
139052	610320	7
177246	571940	7
107972	601191	7
138199	541774	7
220156	589643	7
137787	566189	7
138122	557230	7
93136	613387	7
154620	576738	7
131523	568207	7
136967	565662	7
142886	556511	7
125005	540340	7
138965	558201	7
139474	569485	7
171471	576787	7
157138	565993	7
198294	552987	7
136078	547418	7
140164	531093	7
156003	502860	7
67867	545392	7
133780	533275	7
116142	550919	7
148510	579793	7
179224	584189	7
149906	546909	7
29760	557873	7
115287	602637	7
206561	574789	7
108651	521409	7
115905	560139	7
127373	549518	7
141699	530028	7
141641	557376	7
111855	531542	7
136580	553967	7
137516	556818	7
179793	483378	7
105568	584102	7
125840	520239	7
117212	565692	7
140717	554093	7
139033	593287	7
172882	571145	7
104862	608089	7
158366	537970	7
138525	534268	7
69565	599820	7
94571	528963	7
153185	562792	7
147599	513563	7
223226	546198	7
143879	536650	7
151099	518008	7
109317	531425	7
127202	525948	7
137740	618961	7
138734	557713	7
109912	565003	7
158060	525533	7
260096	530550	9
134449	557556	7
121650	599844	7
188992	563992	7
207218	589497	7
179830	547383	7
152331	529689	7
112184	530469	7
166904	503121	7
183026	545377	7
152658	569277	7
172116	513383	7
95899	530846	7
144325	538991	7
166597	572855	7
105193	596017	7
166840	562425	7
117089	561455	7
141718	549576	7
117959	536156	7
125351	529954	7
140706	547367	7
138012	558263	7
135284	555664	7
142663	556520	7
112673	516997	7
137657	611252	7
119237	591137	7
186380	487625	7
113099	546732	7
176278	550602	7
158773	588778	7
140962	518168	7
144856	551807	7
155943	576199	7
152584	564548	7
165356	570715	7
127858	609681	7
257984	555707	9
149758	564768	7
129550	560106	7
159271	568953	7
151374	538387	7
129030	588495	7
155430	549012	7
172756	612694	7
93459	514032	7
99569	523174	7
148080	544056	7
169322	577938	7
173847	514665	7
136418	562926	7
140047	540043	7
74519	527539	7
146681	562995	7
110877	562558	7
95071	503965	7
136232	576477	7
146120	576624	7
259173	548593	9
107965	535173	7
103153	601002	7
158283	570550	7
206219	604081	7
116492	509399	7
97430	598804	7
193275	538687	7
116860	550810	7
179834	541387	7
143226	522375	7
111174	539350	7
94933	588147	7
139434	557410	7
131532	536658	7
38179	532155	7
113321	606322	7
123905	508486	7
201753	569116	7
206660	575002	7
138884	529162	7
139636	565984	7
110479	594587	7
76253	529394	7
160280	493497	7
161475	587507	7
149054	556986	7
223408	520131	7
158596	562634	7
141991	539522	7
137172	523482	7
161154	538355	7
130157	581286	7
142000	554964	7
86243	559135	7
130883	557824	7
127964	538935	7
122130	568886	7
210597	589836	7
139847	552015	7
147664	559632	7
167716	562762	7
130657	555545	7
165382	518876	7
221994	575146	7
87236	607429	7
154268	542573	7
197367	535989	7
133094	557996	7
155274	552551	7
139911	561185	7
146924	565933	7
146183	622188	7
176092	531921	7
184402	546549	7
139641	557503	7
170816	547069	7
156474	570384	7
146678	558942	7
136569	532130	7
162124	500069	7
127503	623654	7
182854	534283	7
141222	572556	7
177665	557923	7
201907	516078	7
130249	579307	7
166560	559687	7
138220	560056	7
134725	537440	7
127940	590467	7
143592	606949	7
64979	538104	7
94061	576129	7
79285	554817	7
103192	550021	7
198823	538624	7
145758	562414	7
211584	591058	7
139451	549580	7
220224	592068	7
150404	539885	7
142767	538646	7
143912	595772	7
184412	537050	7
55359	623076	7
137197	556522	7
138461	558771	7
80673	566893	7
203667	577260	7
94249	600812	7
145244	561042	7
94458	533883	7
130201	562734	7
98675	580608	7
134422	544300	7
141771	551655	7
141924	558399	7
137316	562151	7
143363	551365	7
197849	575524	7
134261	519275	7
129997	568115	7
170494	560892	7
164453	544085	7
128788	546091	7
88703	577217	7
131109	568012	7
95074	570002	7
232047	522748	7
125548	552424	7
142563	560090	7
118391	553625	7
132497	593125	7
162713	586568	7
122296	566921	7
56907	586609	7
48143	523870	7
104489	542515	7
130582	565948	7
180633	570302	7
241485	523039	9
178005	594957	7
211266	534538	7
137680	555667	7
144401	565666	7
101722	535117	7
115781	594942	7
107160	530936	7
139978	587153	7
179931	536588	7
105353	589239	7
119496	543146	7
142575	517378	7
76661	531044	7
137699	556769	7
154964	554923	7
142516	559062	7
98525	579761	7
163925	576666	7
153326	558408	7
262846	559590	9
102898	592834	7
138349	554238	7
193502	557364	7
202175	495076	7
154162	536416	7
77875	516899	7
163477	561507	7
131874	552586	7
120357	560737	7
119535	551857	7
114108	540537	7
136059	558213	7
121786	564225	7
233105	591646	7
149760	577278	7
139237	548782	7
34795	606311	7
147663	555514	7
108512	525986	7
509279	180548	5
495165	163113	5
474652	193224	5
507786	199578	5
566666	195255	5
506012	178372	5
541435	206637	5
507311	177795	5
461701	188438	5
506069	169723	5
477155	161019	5
505044	180646	5
467697	168082	5
511868	170991	5
500225	177559	5
460616	174810	5
573755	218049	5
543616	144788	5
509804	175714	5
542311	161882	5
475944	189337	5
517750	199025	5
520952	169184	5
559076	190770	5
416763	96639	14
549384	208450	5
549147	171454	5
520880	200955	5
484348	202813	5
487472	166999	5
504728	174541	5
465734	114090	5
570266	188032	5
505584	176135	5
514739	189624	5
500589	181466	5
504096	192493	5
553118	165472	5
502511	205121	5
551798	221411	5
502737	174437	5
513181	177419	5
513010	141058	5
535564	177248	5
514551	176526	5
450030	169537	5
521152	152439	5
505512	203857	5
509928	184873	5
490271	216725	5
529931	180136	5
508228	220433	5
534461	178056	5
508551	174306	5
545365	210090	5
510414	142485	5
507895	177445	5
506288	177990	5
512560	224816	5
454160	102568	5
437116	148591	5
519003	160741	5
509173	178051	5
507674	147431	5
513562	229098	5
473361	185066	5
517580	170329	5
509285	174620	5
510496	174308	5
438860	114065	5
534702	244239	5
504755	150226	5
474135	199330	5
508907	173787	5
509651	149290	5
490956	124550	5
499637	194036	5
515856	148316	5
482568	159010	5
522728	184704	5
493070	189771	5
483807	198925	5
469656	153741	5
470041	102049	5
576965	187481	5
515230	149567	5
469470	189347	5
484678	123623	5
509554	186931	5
480787	147737	5
523036	123677	5
508144	167733	5
515450	173220	5
489378	172861	5
497406	125809	5
514173	139330	5
520809	176718	5
499009	205823	5
509773	148899	5
505117	141877	5
494698	176711	5
501334	163002	5
502500	176532	5
546565	151576	5
520878	209094	5
486891	175164	5
512241	169240	5
569692	182365	5
491382	122267	5
457033	127590	5
535453	200970	5
436641	55171	5
520845	176291	5
496130	178113	5
507473	227670	5
507092	175151	5
493714	173387	5
528826	154067	5
509951	176794	5
505400	160422	5
473316	162622	5
489504	146224	5
516888	152451	5
505128	175022	5
520819	181586	5
506812	167031	5
495032	203929	5
508789	174256	5
502302	210265	5
511106	122518	5
486997	164803	5
535787	199735	5
540364	163758	5
496006	191010	5
497454	172375	5
488330	173837	5
547076	156969	5
509956	141698	5
516084	178725	5
535034	172649	5
529858	213114	5
496384	166644	5
519201	139101	5
575022	213534	5
469404	181944	5
464672	193513	5
491609	180519	5
470314	178936	5
481067	172555	5
508797	176269	5
491145	206344	5
485361	169229	5
474527	107596	5
499643	171625	5
514722	190943	5
474641	81263	5
495995	160032	5
516963	174184	5
521006	163218	5
434581	123267	5
514876	182995	5
501416	172980	5
513991	165072	5
512900	219252	5
510739	121103	5
509522	174376	5
507862	172954	5
512716	181316	5
483423	111797	5
505603	147517	5
482628	171320	5
541790	172616	5
473649	178184	5
520763	250478	5
494000	189403	5
533931	173291	5
485110	150541	5
528679	199079	5
545699	174099	5
517495	186329	5
520461	173217	5
456821	105575	5
495388	156422	5
514934	219169	5
508989	168995	5
500474	169746	5
504511	149234	5
467144	147308	5
512733	174091	5
452791	156805	5
488800	197919	5
593887	210595	5
561725	168220	5
528011	201615	5
514428	222503	5
512051	145220	5
472054	129986	5
507959	166780	5
518068	137556	5
561110	219865	5
563315	215613	5
523779	163905	5
490037	164357	5
519421	154681	5
504373	165819	5
513957	139202	5
486422	178919	5
533351	147778	5
511030	221292	5
496069	102201	5
496491	171534	5
497254	171940	5
518892	165875	5
481083	151953	5
507741	178883	5
486224	196184	5
509039	173839	5
462658	75167	5
519680	208378	5
499676	196897	5
480876	160465	5
521032	177084	5
486034	196122	5
505225	158750	5
485968	123023	5
478442	125560	5
502355	164119	5
502915	183059	5
497211	174121	5
537174	194410	5
505293	194591	5
491442	116195	5
473202	140745	5
505079	219082	5
541455	223176	5
528938	174372	5
528094	178343	5
520759	184923	5
538994	179328	5
507832	181513	5
493897	189627	5
514408	173338	5
514391	156592	5
513362	223841	5
443618	157237	5
477746	163845	5
480571	204150	5
486326	174643	5
505384	174535	5
541220	177840	5
522869	176818	5
497255	188783	5
545240	221008	5
512291	169608	5
576158	210283	5
508099	175066	5
545455	182232	5
537836	177165	5
508597	173640	5
507445	193647	5
524397	239456	5
527753	213985	5
528766	239937	5
481356	162127	5
541498	192746	5
506142	170513	5
494574	198972	5
477901	173288	5
509223	177592	5
532010	176195	5
541006	175198	5
490355	153464	5
566524	179796	5
550216	184337	5
516085	195504	5
523796	219588	5
511118	175212	5
445043	152257	5
497582	190801	5
514622	206979	5
479631	178459	5
496476	140337	5
498389	178069	5
506361	225237	5
519396	177174	5
529409	157228	5
501111	157402	5
514219	167014	5
558307	203307	5
545957	196749	5
508080	175697	5
589900	217899	5
509383	167302	5
474516	189144	5
498730	183037	5
473093	188791	5
471328	176297	5
510901	175806	5
559809	162597	5
499272	168413	5
514981	172608	5
511289	183247	5
455460	153040	5
519962	175210	5
532549	172894	5
516128	178722	5
519113	194925	5
502877	192740	5
520782	134308	5
574369	207483	5
515494	188459	5
486870	146947	5
484395	107291	5
504243	237336	5
483776	213021	5
536623	213083	5
544539	180391	5
502002	166223	5
500801	185558	5
525670	184762	5
481841	209337	5
494317	170837	5
521153	242968	5
473933	191767	5
524502	248106	5
487952	168607	5
460133	173081	5
453261	148432	5
491792	214464	5
497815	165151	5
515348	184750	5
598908	254032	5
558478	213316	5
538228	168834	5
464634	173867	5
518675	175686	5
533566	214619	5
540196	180312	5
500360	213540	5
517882	175467	5
549642	157506	5
511368	173673	5
506815	173387	5
500192	192292	5
533775	163036	5
511484	160453	5
489062	200329	5
537514	179689	5
551867	170425	5
406184	394506	3
417996	408162	3
428667	451233	3
425386	379634	3
388202	405780	3
370955	325071	3
353749	391896	3
398629	401626	3
393402	401018	3
465599	383470	3
400257	404936	3
444610	400247	3
392046	391220	3
410506	395586	3
508805	429073	8
424782	449687	3
384467	407359	3
397399	403186	3
449683	388863	3
387756	435588	3
451753	383440	3
414448	429790	3
394599	409068	3
387330	409037	3
402109	430185	3
393825	453067	3
412111	418466	3
397213	377839	3
361159	436327	3
383075	447616	3
383832	340506	3
402227	414685	3
411957	397796	3
377408	395123	3
417231	381303	3
442915	420573	3
415394	396940	3
420792	430901	3
397791	444527	3
385804	393101	3
384572	388523	3
402069	434868	3
414997	432597	3
392919	405103	3
396150	430329	3
439145	407748	3
401240	354085	3
424228	442208	3
336023	416862	3
351352	362910	3
413549	408517	3
341775	425156	3
424811	413300	3
402677	412615	3
419118	421655	3
354601	358760	3
410682	349328	3
399020	404042	3
392258	405478	3
353941	399967	3
411471	446824	3
397158	370362	3
431117	394746	3
395246	392783	3
400468	405703	3
354094	424230	3
352429	359750	3
358830	431609	3
387039	365758	3
395013	387179	3
400545	404212	3
435067	403802	3
394436	450912	3
376444	371957	3
433463	410297	3
426625	475977	3
424241	452915	3
396520	405610	3
347638	429109	3
374797	407601	3
451670	388347	3
373684	418326	3
412615	403902	3
392428	402295	3
389868	410718	3
383022	409854	3
468350	395883	3
373339	398565	3
383878	376230	3
434815	388041	3
368864	411216	3
321050	422497	3
276794	384458	3
383197	409869	3
381340	409680	3
415521	368125	3
404288	349685	3
367922	415238	3
422056	382193	3
407334	445969	3
373917	427628	3
422261	374345	3
392728	411341	3
336585	420977	3
401730	354294	3
401854	402867	3
401330	395538	3
393903	387227	3
399188	402459	3
389510	370897	3
399858	403574	3
343651	438750	3
388743	388465	3
398246	406245	3
400727	396769	3
399077	403968	3
402071	427626	3
405902	394724	3
383992	398245	3
372230	412488	3
418086	394699	3
400305	466024	3
380458	329635	3
338347	337961	3
411171	426853	3
392447	408539	3
375233	399429	3
385338	440797	3
397764	406712	3
414290	393146	3
394846	407130	3
402252	414628	3
332913	385678	3
396517	394572	3
388479	343648	3
405569	411933	3
444816	409502	3
393659	439272	3
415222	434798	3
396621	381952	3
416893	347737	3
398980	407667	3
404273	429948	3
397851	400846	3
447192	359893	3
350428	392503	3
451853	420873	3
402566	415798	3
362753	369848	3
407188	396576	3
380139	434251	3
409167	449719	3
405470	392374	3
359036	365793	3
398617	402424	3
408714	391412	3
382222	441817	3
403751	385539	3
400548	402390	3
393828	404314	3
373943	376926	3
390182	360941	3
391776	409868	3
342501	336320	3
401923	417123	3
342400	426090	3
405325	407466	3
369480	377148	3
416110	374296	3
401162	412142	3
442931	430123	3
478361	409520	3
401313	405195	3
357466	354094	3
417617	414816	3
417281	410881	3
470047	410943	3
378824	430343	3
369227	397853	3
397918	462032	3
397331	407010	3
427810	400178	3
401708	409924	3
426172	363147	3
401411	414503	3
409823	412908	3
386068	422517	3
398255	405428	3
346358	384801	3
397735	448097	3
348847	425164	3
394761	461494	3
357253	388075	3
402267	410395	3
415233	441297	3
404445	402466	3
408224	399767	3
369044	371649	3
343119	382074	3
416750	435776	3
387103	401925	3
368200	364844	3
393758	439738	3
418623	404382	3
402660	406054	3
427749	457110	3
405356	391545	3
432184	395118	3
322936	368566	3
402710	424367	3
456025	389630	3
395450	407822	3
377941	403683	3
407576	434017	3
348263	386451	3
391966	387214	3
392576	406460	3
380236	460907	3
398153	407081	3
399942	385908	3
398795	472619	3
467535	416014	3
377758	413906	3
398724	404179	3
396710	378698	3
377588	402670	3
408992	462226	3
423371	373970	3
412861	434751	3
403160	392159	3
395168	404189	3
399346	423786	3
409244	460295	3
429515	393708	3
370602	353215	3
356739	417826	3
408147	436628	3
436362	379677	3
399291	386712	3
396081	396707	3
419200	403389	3
383855	390984	3
370252	347498	3
460198	402706	3
418046	358461	3
408500	393942	3
397618	404912	3
392660	395873	3
406739	400918	3
439048	403700	3
392424	375266	3
379128	418858	3
391970	419802	3
389279	424006	3
468907	448885	3
410601	410653	3
396556	406492	3
417795	405673	3
375971	427549	3
414374	439977	3
368363	409733	3
402081	407514	3
399753	404222	3
424840	479570	3
381863	416651	3
394606	401451	3
389520	406500	3
418140	415328	3
387461	394402	3
391384	413273	3
391439	399819	3
365223	422531	3
407189	437102	3
415933	422485	3
402031	426039	3
428513	456990	3
382396	405483	3
368166	429422	3
418636	440000	3
411674	402377	3
424365	371987	3
394159	411676	3
371548	414612	3
460628	434107	3
399717	403257	3
361875	448199	3
393424	399084	3
333682	401078	3
377870	377550	3
405117	364266	3
452398	378671	3
397889	398501	3
424089	352640	3
417494	392231	3
402851	395579	3
376493	366302	3
460684	371809	3
449571	387141	3
405322	414743	3
420489	448078	3
377975	461076	3
492551	434649	3
477323	384551	3
359740	379592	3
429653	438596	3
361814	411086	3
400660	404811	3
410418	409414	3
392162	355397	3
376145	414107	3
371464	328177	3
379593	380662	3
448231	384406	3
404157	406324	3
420616	401526	3
398985	413427	3
400538	407020	3
391530	398743	3
408182	408351	3
435926	408504	3
411090	435389	3
398311	383357	3
409291	431539	3
399460	399410	3
400473	408327	3
399693	395271	3
431437	436764	3
312123	419763	3
411053	432808	3
401616	404245	3
364455	436191	3
407833	402474	3
367864	442851	3
437870	375761	3
308726	371721	3
418996	389541	3
371498	393120	3
407429	399155	3
380749	403860	3
399997	411205	3
377215	418429	3
380202	396671	3
436034	385951	3
395210	357805	3
415136	446807	3
315013	318367	3
372424	413163	3
340966	420480	3
354767	417464	3
387165	404027	3
854654	549222	6
889260	541423	6
870826	524625	6
868025	569296	6
861364	598127	6
825141	535997	6
906640	587296	6
906396	535803	6
887896	558572	6
817776	525600	6
844066	546029	6
848976	558706	6
897131	604582	6
845120	549830	6
872241	556733	6
857818	534525	6
794265	594573	6
857126	548151	6
842786	614034	6
889975	589361	6
841130	529745	6
813561	583156	6
855603	542414	6
887556	531797	6
837032	509264	6
852037	649724	10
793791	581315	6
904450	533427	6
879722	550246	6
839088	528460	6
869369	536868	6
871873	509094	6
900991	497149	6
919544	541255	6
860520	544023	6
863042	557890	6
889805	522039	6
879031	489881	6
852918	552112	6
903840	586229	6
932662	537069	6
908506	549611	6
867533	542290	6
844617	499013	6
862002	534006	6
883981	607581	6
864265	549505	6
883062	547498	6
860870	546516	6
895565	501871	6
843344	604964	6
864059	545894	6
830888	544022	6
858819	544904	6
853562	531620	6
873791	606643	6
859213	538040	6
841843	503359	6
842719	506205	6
847904	574114	6
863859	546898	6
888919	535805	6
855045	547633	6
863102	545783	6
829747	530312	6
850607	565348	6
810277	520837	6
879104	595389	6
840406	538772	6
838367	536676	6
837457	518745	6
861519	531277	6
816056	542574	6
862534	547936	6
808555	600511	6
862571	550965	6
832010	554080	6
882403	534710	6
840020	568424	6
865030	541150	6
846594	522941	6
890223	556874	6
873136	513309	6
846622	553552	6
905770	531812	6
803216	577565	6
914183	620056	6
877510	555087	6
861193	573954	6
840994	578455	6
875640	561262	6
876782	536438	6
849501	552769	6
866973	550375	6
906382	534459	6
822722	553764	6
861656	545794	6
856991	546255	6
865081	551012	6
895680	609341	6
867801	548156	6
846324	557586	6
840059	534876	6
860473	545982	6
937823	540173	6
886532	500026	6
904133	534915	6
880545	506175	6
833499	504718	6
854979	539793	6
818739	545052	6
825596	639465	6
838036	542999	6
846216	528037	6
850790	525740	6
864040	538985	6
869818	543227	6
879309	561548	6
860563	534839	6
846082	541026	6
860151	543055	6
847292	559228	6
838239	576018	6
837307	548214	6
853093	586321	6
884326	479802	6
838978	622330	6
842903	567914	6
832490	450680	6
844948	563321	6
859577	544625	6
908409	591215	6
819843	570485	6
875625	599766	6
887780	536497	6
884613	507507	6
849858	524682	6
846741	539481	6
870630	516603	6
843111	581603	6
869718	536928	6
857648	511640	6
881571	532467	6
860230	528054	6
861966	562885	6
898736	548642	6
961951	577029	6
866878	501919	6
874791	559085	6
874239	594786	6
915504	527751	6
758172	608152	6
859515	505303	6
861033	507671	6
837880	444574	6
827672	545966	6
869960	562146	6
858151	548242	6
877440	529137	6
821835	564313	6
846371	578530	6
829482	475863	6
860507	526669	6
878696	530134	6
837312	572687	6
886773	509047	6
879805	547494	6
859679	541785	6
910683	612854	6
860863	546060	6
874110	541972	6
790149	565157	6
873984	580836	6
873742	448214	6
894785	440382	6
874312	574582	6
879902	518647	6
851462	526597	6
839012	550376	6
808097	502521	6
879500	590791	6
864721	548447	6
866044	584750	6
876151	582116	6
819250	517655	6
807278	566392	6
872033	558924	6
894268	532597	6
846752	613846	6
850478	566230	6
849777	531138	6
823584	568458	6
823202	619103	6
843715	568319	6
861023	545953	6
889743	560547	6
862785	579661	6
880833	537039	6
854374	550707	6
842616	515205	6
860721	547751	6
831024	505776	6
829240	591428	6
860384	555572	6
853348	525893	6
849118	571562	6
856167	542249	6
853874	560250	6
838808	524944	6
814561	575281	6
773292	531652	6
891515	520429	6
805884	549492	6
833437	556713	6
843432	490725	6
791355	529644	6
865157	562132	6
920249	551171	6
808777	512952	6
898916	630099	6
863706	491401	6
857231	551055	6
877413	541536	6
838821	563842	6
854037	528890	6
824475	518063	6
857360	562228	6
856437	532452	6
862117	600081	6
839280	539324	6
885379	603686	6
859185	553000	6
865020	550686	6
882007	593653	6
861027	546004	6
846772	509036	6
844627	556401	6
861069	548327	6
854342	541611	6
844086	531300	6
923996	594948	6
832154	559403	6
803202	549001	6
856619	544008	6
897286	558004	6
851216	516166	6
858537	548576	6
828001	524067	6
849327	548496	6
858278	544519	6
793875	473793	6
766617	548142	6
847728	576707	6
858418	546935	6
816840	539239	6
852687	540692	6
861927	562723	6
892382	513991	6
811745	461099	6
800152	576217	6
870139	566584	6
859492	572224	6
830226	483466	6
850674	533083	6
834632	541216	6
899052	526048	6
925485	596955	6
893145	551400	6
839493	521150	6
883434	581923	6
873380	495161	6
765011	607246	6
898578	612291	6
906772	510158	6
858325	586062	6
795909	462864	6
812634	554848	6
846841	533595	6
810817	509540	6
826192	577784	6
856552	545271	6
848628	503773	6
784291	581417	6
890613	567037	6
870936	575427	6
851166	532382	6
871544	592403	6
870337	534303	6
819580	545900	6
912649	498734	6
870214	556246	6
853279	560714	6
857319	543529	6
878519	606677	6
858057	542933	6
860375	544804	6
888111	525539	6
892877	544283	6
788776	582930	6
875311	542259	6
875248	462524	6
835831	555864	6
885828	586348	6
916704	609548	6
893991	544467	6
866352	535933	6
872247	494281	6
832372	600070	6
902302	514170	6
877298	565604	6
873636	510687	6
854818	554389	6
915666	506439	6
905849	524809	6
862062	545736	6
871981	649086	10
900829	590250	6
859419	546754	6
855983	534803	6
916082	517633	6
874877	535143	6
885963	528959	6
853439	518568	6
855177	626376	6
814249	488483	6
857283	548467	6
865489	548920	6
913686	576892	6
880275	564545	6
861381	546835	6
880958	588608	6
868979	528502	6
872237	555834	6
861868	549168	6
836951	546244	6
836874	555991	6
769546	554722	6
855074	542557	6
868128	568529	6
878859	540155	6
852267	498220	6
874125	543036	6
846646	548548	6
851517	541076	6
806888	492319	6
831779	577161	6
860259	545444	6
892423	530999	6
838442	506780	6
853291	557685	6
730887	825972	2
645233	927201	2
645563	819480	2
573324	878802	2
693699	822637	2
649412	856993	2
684558	878573	2
656658	854609	2
651506	856097	2
618405	842859	2
667280	765619	2
600996	890782	2
674463	862486	2
676694	851597	2
620685	880813	2
716590	874975	2
721401	951880	2
657094	857640	2
644693	867371	2
633601	861482	2
673646	857346	2
657184	855509	2
708244	871834	2
659081	860560	2
657811	885904	2
642843	909185	2
709303	897538	2
610505	851476	2
612648	772280	2
673196	812941	2
673267	883727	2
694451	863981	2
678869	902492	2
690018	819280	2
677983	890077	2
639997	865965	2
709254	847444	2
679799	858680	2
664355	831472	2
659166	861665	2
692386	863386	2
688076	833905	2
680506	840053	2
641840	886745	2
673292	857105	2
622212	860015	2
736557	897961	2
668234	886696	2
675013	876331	2
675902	853961	2
695092	820091	2
730287	897070	2
691716	873426	2
722404	952207	2
678606	878004	2
664156	846474	2
688118	911574	2
674492	861230	2
675382	836312	2
664639	925795	2
626334	852383	2
669690	842110	2
653177	819935	2
674265	861435	2
677404	883871	2
672212	860894	2
715956	900724	2
674236	877152	2
679818	860064	2
578509	923881	2
680381	823757	2
720629	816515	2
640210	902029	2
671772	860357	2
618009	867493	2
672628	882986	2
680261	863401	2
682100	853708	2
681049	846975	2
668567	856554	2
656957	871011	2
662293	872590	2
673953	835926	2
718544	888401	2
648590	917839	2
699124	824089	2
668367	855686	2
675866	868784	2
700098	894685	2
683156	877209	2
661357	801817	2
789095	895634	2
673332	857517	2
627452	835854	2
672059	860501	2
665048	854911	2
683580	872374	2
668839	882598	2
682510	905902	2
671235	856653	2
680228	843225	2
662249	918050	2
674961	865594	2
679211	886670	2
676220	858214	2
567861	856582	2
668228	858122	2
682241	850176	2
712262	856869	2
671325	856592	2
680592	858526	2
683098	847245	2
646816	829778	2
675633	863416	2
677551	860007	2
683656	842406	2
678195	860537	2
700747	821557	2
679054	898217	2
676360	866112	2
665308	868551	2
665775	845662	2
660459	860658	2
670119	859029	2
672068	874862	2
644301	925034	2
704574	866263	2
665660	828338	2
680579	836946	2
682053	853410	2
672544	859978	2
713088	880834	2
680969	838864	2
674151	853540	2
664903	839150	2
641902	755287	2
683610	910782	2
676962	897430	2
594720	848457	2
658748	777680	2
700341	869730	2
640432	837036	2
668519	860048	2
672668	861428	2
638004	837697	2
673071	856021	2
668772	858570	2
636871	929410	2
599612	859210	2
739318	810528	2
654937	781879	2
663095	949045	2
658734	883214	2
647968	877873	2
682699	851115	2
684739	884934	2
667620	855461	2
616281	845406	2
697161	840318	2
679237	862389	2
664260	859029	2
674121	858589	2
700962	927047	2
723397	859761	2
648230	857418	2
677896	867053	2
680828	839011	2
680757	826912	2
673826	880137	2
694897	834591	2
683585	905984	2
671609	815681	2
669748	863109	2
674659	860894	2
659734	844127	2
656156	868643	2
653258	860766	2
684131	898331	2
666516	859837	2
655237	871554	2
653592	959882	2
659280	845579	2
646422	900526	2
627580	840406	2
604546	847329	2
631316	837043	2
705518	925936	2
662898	884734	2
718088	852181	2
666315	872311	2
710082	881600	2
674433	860605	2
685821	816579	2
678856	850293	2
669427	846395	2
687043	806921	2
657981	866945	2
676480	860779	2
704065	832648	2
669178	866011	2
693783	860206	2
683027	876064	2
670957	810768	2
674134	908464	2
637665	858741	2
664325	877878	2
664025	801796	2
672800	874378	2
685124	873363	2
674496	870664	2
684602	823981	2
677769	841641	2
651576	865180	2
650720	817440	2
674472	860330	2
673028	860593	2
683413	861559	2
669638	842011	2
674365	860819	2
687360	862438	2
662684	813662	2
673242	886958	2
674311	859933	2
595580	798572	2
636769	854047	2
685551	798742	2
663945	828490	2
717187	883275	2
706906	885612	2
675988	841317	2
671976	864630	2
669366	869654	2
651216	815098	2
676767	832479	2
657879	857942	2
665828	868934	2
674905	876286	2
640000	863831	2
672818	881943	2
634800	823669	2
658590	886551	2
639463	847461	2
625416	868848	2
672266	862875	2
723173	872525	2
688098	908495	2
673410	863889	2
679788	889464	2
615826	863168	2
598671	854219	2
753254	840123	2
669430	905798	2
726847	875488	2
648443	845340	2
674114	970756	2
675551	956849	2
677459	896720	2
634004	895206	2
653745	809028	2
682420	846881	2
666636	858686	2
682481	879399	2
656834	885944	2
718257	857481	2
672598	856928	2
693997	774817	2
612392	916853	2
671444	860206	2
671404	857240	2
689628	868984	2
704570	845515	2
652233	886054	2
705929	851313	2
682315	843851	2
667131	849230	2
707894	904500	2
649345	864613	2
629998	877765	2
659542	840985	2
621278	888326	2
682304	876841	2
679747	860939	2
663049	843538	2
672876	844123	2
689948	850548	2
696257	894819	2
629377	853726	2
658034	897179	2
696808	866039	2
699668	863774	2
669697	859388	2
606506	766728	2
672474	868765	2
697011	856357	2
708262	945359	2
653181	886417	2
674521	861127	2
729194	856897	2
663168	859429	2
644843	838626	2
672797	843231	2
680677	868629	2
614497	830844	2
646671	857872	2
679242	853941	2
665697	929571	2
749941	916922	2
602365	916673	2
684537	843821	2
694308	904062	2
731712	878998	2
667713	847241	2
730383	879136	2
689363	817577	2
728743	850843	2
683941	915579	2
722463	882675	2
670519	870010	2
683252	858182	2
669288	860515	2
675357	870850	2
673449	860643	2
687325	883004	2
603472	894573	2
669713	851017	2
693362	837786	2
605535	925341	2
687078	791051	2
672387	800443	2
683048	937776	2
713579	879202	2
571669	873544	2
695260	824882	2
702654	841548	2
601619	825604	2
564416	878492	2
703773	870419	2
674931	870112	2
673140	864863	2
681053	892766	2
683321	873932	2
701017	931252	2
645677	814395	2
677362	853471	2
659046	930099	2
665426	853940	2
691827	863963	2
650661	861267	2
599647	858702	2
684091	842566	2
